image_width: 1280
image_height: 720
camera_name: narrow_stereo
camera_matrix:
  rows: 3
  cols: 3
  data: [1404.343157, 0, 623.085311, 0, 1411.021612, 294.469558, 0, 0, 1]
distortion_model: plumb_bob
distortion_coefficients:
  rows: 1
  cols: 5
  data: [0.050961, -0.177803, -0.010019, -0.00531, 0]
rectification_matrix:
  rows: 3
  cols: 3
  data: [1, 0, 0, 0, 1, 0, 0, 0, 1]
projection_matrix:
  rows: 3
  cols: 4
  data: [1409.344172, 0, 617.740743, 0, 0, 1416.621833, 289.691465, 0, 0, 0, 1, 0]